budget = 2222;

firstdate = 1;
enddate = 10;
Dates = {1,2,3,4,5,6,7,8,9,10};
Dates_mod = {1,2,3,4,5,6,7,8,9};

startlocation = PEK;
endlocation = PEKTWO;
lengthOfLocations = 22;
biggerThanLengthOfLocation = 23;
Locations = {PEK,SIN,PVG,HKG,KIX,HND,ICN,KHH,TPE,PNH,REP,DPS,CGK,KUL,PEN,RGN,MNL,BKK,HKT,HAN,SGN,PEKTWO};
CostOfLivingOfLocation = [48.0,93.0,48.0,75.0,80.0,80.0,82.0,57.0,57.0,57.0,57.0,39.0,39.0,45.0,45.0,53.0,40.0,46.0,46.0,41.0,41.0,48.0];
InitialSatisfactionOfLocation = [100,78,68,79,75,87,81,54,78,88,72,69,62,93,72,85,79,66,92,83,74,100];
MinimumDaysStayAtLocation = [1,4,5,5,5,3,5,4,3,4,3,4,5,4,3,3,5,5,3,3,3,1];
UnitDecreaseInSatisfactionPerDay = [100,16,1,4,10,25,6,7,1,12,17,8,4,16,19,2,2,11,19,10,6,100];

PriceFromToOnDay = [
	[
		[99999 99999 99999 99999 99999 99999 99999 99999 99999 99999]
		[203 197 192 188 196 189 169 195 174 191]
		[329 336 329 334 343 337 315 334 312 335]
		[321 353 334 330 348 338 346 334 318 331]
		[485 520 522 519 515 505 523 518 495 512]
		[610 590 577 604 611 588 578 595 586 597]
		[287 283 271 299 293 289 255 292 259 292]
		[99999 99999 99999 99999 99999 99999 99999 99999 99999 99999]
		[447 464 440 455 462 445 460 434 460 459]
		[99999 99999 99999 99999 99999 99999 99999 99999 99999 99999]
		[99999 99999 99999 99999 99999 99999 99999 99999 99999 99999]
		[99999 99999 99999 99999 99999 99999 99999 99999 99999 99999]
		[959 959 952 953 966 989 980 964 965 966]
		[433 433 438 428 424 433 412 442 438 441]
		[99999 99999 99999 99999 99999 99999 99999 99999 99999 99999]
		[99999 99999 99999 99999 99999 99999 99999 99999 99999 99999]
		[381 374 400 399 391 382 377 400 389 404]
		[449 414 447 426 452 424 444 452 414 448]
		[445 438 430 442 426 430 425 448 454 426]
		[386 389 372 388 378 384 387 366 366 374]
		[419 398 416 430 429 424 428 410 409 422]
		[99999 99999 99999 99999 99999 99999 99999 99999 99999 99999]
	]
	[
		[184 203 180 182 165 176 186 189 176 171]
		[99999 99999 99999 99999 99999 99999 99999 99999 99999 99999]
		[354 335 355 338 334 364 334 362 351 330]
		[255 244 238 257 253 254 245 240 256 252]
		[99999 99999 99999 99999 99999 99999 99999 99999 99999 99999]
		[99999 99999 99999 99999 99999 99999 99999 99999 99999 99999]
		[568 562 541 575 563 556 566 553 573 563]
		[450 430 452 447 427 451 425 416 431 419]
		[324 311 319 321 328 294 325 315 320 315]
		[231 216 239 229 223 238 215 224 239 219]
		[242 227 238 205 226 207 248 235 229 212]
		[197 192 189 160 196 179 189 166 199 181]
		[153 135 150 121 142 154 131 123 121 133]
		[82 90 75 86 76 88 102 100 100 100]
		[130 142 155 120 119 130 142 153 122 137]
		[169 197 155 181 161 170 191 193 156 169]
		[203 218 221 216 213 217 209 212 226 221]
		[146 178 149 152 155 155 150 179 176 154]
		[161 165 169 141 134 145 164 166 131 168]
		[174 161 157 159 156 168 171 158 181 152]
		[173 171 153 144 158 166 144 161 146 168]
		[169 163 202 194 169 182 183 178 197 189]
	]
	[
		[317 331 329 343 326 340 327 303 308 307]
		[358 348 344 348 330 356 358 355 345 324]
		[99999 99999 99999 99999 99999 99999 99999 99999 99999 99999]
		[285 258 285 264 261 277 263 287 291 280]
		[314 296 307 292 313 321 298 295 317 314]
		[99999 99999 99999 99999 99999 99999 99999 99999 99999 99999]
		[221 216 202 218 222 216 203 222 204 226]
		[482 474 469 467 480 502 490 490 477 504]
		[243 243 265 269 245 262 248 253 267 248]
		[374 374 395 379 377 377 395 386 377 384]
		[402 398 386 383 388 390 371 384 394 382]
		[514 518 508 503 524 505 522 524 527 524]
		[901 890 899 880 884 872 896 887 898 885]
		[444 451 424 451 452 442 430 451 452 433]
		[99999 99999 99999 99999 99999 99999 99999 99999 99999 99999]
		[99999 99999 99999 99999 99999 99999 99999 99999 99999 99999]
		[505 536 533 522 535 532 534 517 526 512]
		[349 345 359 330 344 361 360 340 345 338]
		[363 349 332 366 355 344 340 353 346 364]
		[353 381 389 383 352 381 369 387 375 388]
		[367 388 372 362 367 371 371 360 391 348]
		[329 309 326 334 329 319 315 344 335 333]
	]
	[
		[359 340 339 361 338 318 349 344 354 338]
		[260 249 250 241 264 256 253 256 261 223]
		[264 263 262 267 290 282 263 294 278 289]
		[99999 99999 99999 99999 99999 99999 99999 99999 99999 99999]
		[237 259 274 263 258 258 241 258 245 263]
		[258 263 269 274 262 257 246 251 238 255]
		[254 258 278 263 258 275 278 271 280 255]
		[283 287 303 287 282 290 307 288 296 299]
		[216 214 235 208 237 213 223 202 224 220]
		[1497 1472 1458 1458 1482 1490 1490 1473 1494 1483]
		[1460 1494 1477 1499 1500 1481 1479 1465 1476 1478]
		[561 572 558 553 579 553 565 537 565 552]
		[558 538 555 546 558 536 551 549 534 538]
		[324 317 313 302 319 324 302 320 299 326]
		[99999 99999 99999 99999 99999 99999 99999 99999 99999 99999]
		[99999 99999 99999 99999 99999 99999 99999 99999 99999 99999]
		[296 286 272 292 268 302 286 279 274 288]
		[219 250 254 232 247 241 257 245 227 257]
		[186 187 188 194 183 185 188 165 201 185]
		[335 344 339 345 315 349 334 327 336 338]
		[335 358 337 358 335 325 361 341 359 339]
		[336 345 347 339 334 349 349 358 343 353]
	]
	[
		[500 517 514 484 513 521 509 508 499 498]
		[99999 99999 99999 99999 99999 99999 99999 99999 99999 99999]
		[320 321 317 323 309 300 318 306 299 308]
		[250 272 243 259 243 235 270 254 265 255]
		[99999 99999 99999 99999 99999 99999 99999 99999 99999 99999]
		[331 318 356 341 335 351 356 336 321 350]
		[414 411 419 427 421 387 424 428 427 426]
		[557 544 558 562 547 535 553 536 531 565]
		[347 332 342 315 345 307 327 339 325 338]
		[99999 99999 99999 99999 99999 99999 99999 99999 99999 99999]
		[99999 99999 99999 99999 99999 99999 99999 99999 99999 99999]
		[834 840 854 844 852 843 851 852 833 841]
		[920 894 902 918 920 906 893 921 906 896]
		[540 534 505 535 523 537 512 532 538 509]
		[99999 99999 99999 99999 99999 99999 99999 99999 99999 99999]
		[99999 99999 99999 99999 99999 99999 99999 99999 99999 99999]
		[494 495 479 508 481 507 505 503 490 485]
		[755 749 778 759 772 764 766 764 763 751]
		[99999 99999 99999 99999 99999 99999 99999 99999 99999 99999]
		[733 744 743 742 760 738 747 763 758 757]
		[748 745 760 763 746 762 732 769 751 761]
		[512 480 503 513 521 507 483 518 522 522]
	]
	[
		[603 585 606 615 588 592 607 588 588 576]
		[99999 99999 99999 99999 99999 99999 99999 99999 99999 99999]
		[99999 99999 99999 99999 99999 99999 99999 99999 99999 99999]
		[255 274 234 265 235 269 264 275 252 248]
		[316 346 347 342 348 338 317 330 336 336]
		[99999 99999 99999 99999 99999 99999 99999 99999 99999 99999]
		[446 460 440 435 438 451 461 453 464 432]
		[99999 99999 99999 99999 99999 99999 99999 99999 99999 99999]
		[522 548 528 541 531 551 551 549 532 538]
		[99999 99999 99999 99999 99999 99999 99999 99999 99999 99999]
		[99999 99999 99999 99999 99999 99999 99999 99999 99999 99999]
		[99999 99999 99999 99999 99999 99999 99999 99999 99999 99999]
		[686 688 677 660 667 673 678 679 686 649]
		[99999 99999 99999 99999 99999 99999 99999 99999 99999 99999]
		[99999 99999 99999 99999 99999 99999 99999 99999 99999 99999]
		[99999 99999 99999 99999 99999 99999 99999 99999 99999 99999]
		[487 499 488 512 496 510 507 506 516 506]
		[771 760 738 763 743 769 771 759 758 757]
		[99999 99999 99999 99999 99999 99999 99999 99999 99999 99999]
		[757 743 759 753 760 764 740 765 742 760]
		[1047 1037 1039 1030 1053 1052 1052 1023 1035 1056]
		[610 608 590 586 591 606 591 601 606 583]
	]
	[
		[277 276 264 268 298 274 286 286 287 296]
		[557 570 562 568 567 575 557 546 558 550]
		[224 220 201 193 214 217 220 214 215 208]
		[244 269 280 283 271 269 259 262 244 261]
		[404 411 407 388 424 419 417 417 406 393]
		[450 455 454 435 458 457 448 465 453 447]
		[99999 99999 99999 99999 99999 99999 99999 99999 99999 99999]
		[378 381 387 389 383 398 372 387 385 394]
		[300 283 280 311 291 290 304 299 301 291]
		[560 571 539 567 563 577 569 555 567 566]
		[99999 99999 99999 99999 99999 99999 99999 99999 99999 99999]
		[592 614 607 591 615 614 582 607 597 585]
		[570 571 578 577 586 587 583 556 576 589]
		[543 532 533 524 517 529 538 530 544 546]
		[99999 99999 99999 99999 99999 99999 99999 99999 99999 99999]
		[891 901 883 901 900 893 897 878 878 865]
		[382 371 395 391 377 398 385 400 394 398]
		[419 442 457 417 436 431 456 445 430 452]
		[440 448 456 445 451 445 458 441 419 446]
		[469 471 462 438 469 460 455 461 463 458]
		[495 483 463 493 473 491 491 499 476 485]
		[293 275 283 293 273 285 266 263 272 262]
	]
	[
		[99999 99999 99999 99999 99999 99999 99999 99999 99999 99999]
		[434 419 449 435 425 449 420 435 430 441]
		[485 476 475 476 492 477 483 479 499 478]
		[309 272 290 310 281 296 306 284 283 300]
		[526 531 563 523 527 536 563 529 562 560]
		[99999 99999 99999 99999 99999 99999 99999 99999 99999 99999]
		[376 390 396 395 392 374 368 394 384 379]
		[99999 99999 99999 99999 99999 99999 99999 99999 99999 99999]
		[99999 99999 99999 99999 99999 99999 99999 99999 99999 99999]
		[99999 99999 99999 99999 99999 99999 99999 99999 99999 99999]
		[99999 99999 99999 99999 99999 99999 99999 99999 99999 99999]
		[99999 99999 99999 99999 99999 99999 99999 99999 99999 99999]
		[99999 99999 99999 99999 99999 99999 99999 99999 99999 99999]
		[99999 99999 99999 99999 99999 99999 99999 99999 99999 99999]
		[99999 99999 99999 99999 99999 99999 99999 99999 99999 99999]
		[99999 99999 99999 99999 99999 99999 99999 99999 99999 99999]
		[346 343 316 336 303 309 336 325 306 331]
		[372 401 392 392 398 399 362 388 378 364]
		[99999 99999 99999 99999 99999 99999 99999 99999 99999 99999]
		[99999 99999 99999 99999 99999 99999 99999 99999 99999 99999]
		[486 465 459 469 475 456 484 458 449 468]
		[99999 99999 99999 99999 99999 99999 99999 99999 99999 99999]
	]
	[
		[464 442 460 444 442 461 438 462 430 452]
		[291 320 308 300 321 311 321 303 308 301]
		[260 269 247 261 255 249 252 250 262 263]
		[223 242 217 212 219 223 233 223 229 225]
		[337 341 332 308 331 329 345 322 337 340]
		[511 551 544 517 518 543 513 540 542 535]
		[296 295 308 309 282 310 273 284 307 288]
		[99999 99999 99999 99999 99999 99999 99999 99999 99999 99999]
		[99999 99999 99999 99999 99999 99999 99999 99999 99999 99999]
		[452 475 479 472 467 465 458 475 467 478]
		[99999 99999 99999 99999 99999 99999 99999 99999 99999 99999]
		[467 474 471 459 475 443 466 453 442 468]
		[462 447 461 451 456 459 441 445 463 437]
		[462 476 450 471 474 456 462 462 458 458]
		[507 523 542 524 538 537 529 543 527 527]
		[540 539 559 553 560 556 521 543 543 560]
		[279 238 268 250 273 263 269 267 240 275]
		[325 340 336 312 320 318 328 343 341 321]
		[99999 99999 99999 99999 99999 99999 99999 99999 99999 99999]
		[508 495 472 503 486 504 492 498 502 513]
		[484 462 487 465 484 470 468 484 454 488]
		[437 451 439 444 448 446 461 447 459 445]
	]
	[
		[99999 99999 99999 99999 99999 99999 99999 99999 99999 99999]
		[229 221 208 237 238 203 208 214 232 244]
		[387 374 377 399 395 404 396 393 398 392]
		[1478 1464 1471 1472 1500 1478 1499 1475 1472 1494]
		[99999 99999 99999 99999 99999 99999 99999 99999 99999 99999]
		[99999 99999 99999 99999 99999 99999 99999 99999 99999 99999]
		[552 545 572 567 556 555 574 575 568 570]
		[99999 99999 99999 99999 99999 99999 99999 99999 99999 99999]
		[457 446 467 473 453 483 465 452 475 465]
		[99999 99999 99999 99999 99999 99999 99999 99999 99999 99999]
		[155 121 161 149 136 129 147 133 121 130]
		[99999 99999 99999 99999 99999 99999 99999 99999 99999 99999]
		[99999 99999 99999 99999 99999 99999 99999 99999 99999 99999]
		[196 188 172 176 188 174 189 173 177 192]
		[99999 99999 99999 99999 99999 99999 99999 99999 99999 99999]
		[99999 99999 99999 99999 99999 99999 99999 99999 99999 99999]
		[99999 99999 99999 99999 99999 99999 99999 99999 99999 99999]
		[291 281 274 278 264 289 277 267 266 256]
		[99999 99999 99999 99999 99999 99999 99999 99999 99999 99999]
		[99999 99999 99999 99999 99999 99999 99999 99999 99999 99999]
		[232 217 208 239 215 233 218 238 232 201]
		[99999 99999 99999 99999 99999 99999 99999 99999 99999 99999]
	]
	[
		[99999 99999 99999 99999 99999 99999 99999 99999 99999 99999]
		[246 235 217 240 211 217 228 243 238 233]
		[380 398 379 382 395 399 392 386 390 403]
		[1460 1479 1489 1497 1457 1481 1458 1497 1462 1463]
		[99999 99999 99999 99999 99999 99999 99999 99999 99999 99999]
		[99999 99999 99999 99999 99999 99999 99999 99999 99999 99999]
		[99999 99999 99999 99999 99999 99999 99999 99999 99999 99999]
		[99999 99999 99999 99999 99999 99999 99999 99999 99999 99999]
		[99999 99999 99999 99999 99999 99999 99999 99999 99999 99999]
		[133 145 148 144 149 131 148 153 161 141]
		[99999 99999 99999 99999 99999 99999 99999 99999 99999 99999]
		[99999 99999 99999 99999 99999 99999 99999 99999 99999 99999]
		[99999 99999 99999 99999 99999 99999 99999 99999 99999 99999]
		[175 163 176 181 180 187 185 158 180 146]
		[99999 99999 99999 99999 99999 99999 99999 99999 99999 99999]
		[99999 99999 99999 99999 99999 99999 99999 99999 99999 99999]
		[99999 99999 99999 99999 99999 99999 99999 99999 99999 99999]
		[475 511 516 509 483 497 497 514 478 495]
		[99999 99999 99999 99999 99999 99999 99999 99999 99999 99999]
		[148 166 156 167 163 159 156 141 141 165]
		[115 127 93 119 132 129 102 111 116 129]
		[99999 99999 99999 99999 99999 99999 99999 99999 99999 99999]
	]
	[
		[99999 99999 99999 99999 99999 99999 99999 99999 99999 99999]
		[178 198 159 192 165 191 179 179 198 184]
		[505 518 521 526 533 527 526 536 536 498]
		[572 570 542 559 559 552 576 560 551 549]
		[818 843 842 849 845 833 853 836 826 825]
		[99999 99999 99999 99999 99999 99999 99999 99999 99999 99999]
		[597 595 612 606 613 593 596 612 603 618]
		[99999 99999 99999 99999 99999 99999 99999 99999 99999 99999]
		[473 467 458 442 435 473 478 455 468 465]
		[99999 99999 99999 99999 99999 99999 99999 99999 99999 99999]
		[99999 99999 99999 99999 99999 99999 99999 99999 99999 99999]
		[99999 99999 99999 99999 99999 99999 99999 99999 99999 99999]
		[308 330 317 311 325 324 328 314 331 320]
		[202 187 214 212 206 211 197 203 176 209]
		[99999 99999 99999 99999 99999 99999 99999 99999 99999 99999]
		[99999 99999 99999 99999 99999 99999 99999 99999 99999 99999]
		[421 410 408 412 425 390 393 411 413 401]
		[411 407 410 399 415 412 396 400 403 372]
		[99999 99999 99999 99999 99999 99999 99999 99999 99999 99999]
		[99999 99999 99999 99999 99999 99999 99999 99999 99999 99999]
		[99999 99999 99999 99999 99999 99999 99999 99999 99999 99999]
		[99999 99999 99999 99999 99999 99999 99999 99999 99999 99999]
	]
	[
		[966 967 969 980 969 984 968 987 973 976]
		[150 156 158 156 152 127 153 153 136 151]
		[861 865 891 890 886 897 887 890 890 868]
		[556 546 527 551 556 539 550 532 547 559]
		[914 906 920 914 893 901 897 919 903 901]
		[682 649 664 690 689 677 673 676 668 687]
		[576 577 560 583 571 585 588 578 576 555]
		[99999 99999 99999 99999 99999 99999 99999 99999 99999 99999]
		[462 439 438 470 451 450 451 461 455 456]
		[99999 99999 99999 99999 99999 99999 99999 99999 99999 99999]
		[99999 99999 99999 99999 99999 99999 99999 99999 99999 99999]
		[294 318 325 298 323 320 317 315 303 301]
		[99999 99999 99999 99999 99999 99999 99999 99999 99999 99999]
		[126 116 157 151 129 142 114 131 145 153]
		[99999 99999 99999 99999 99999 99999 99999 99999 99999 99999]
		[99999 99999 99999 99999 99999 99999 99999 99999 99999 99999]
		[331 353 355 364 355 349 337 365 359 326]
		[388 379 384 358 382 393 386 389 393 392]
		[99999 99999 99999 99999 99999 99999 99999 99999 99999 99999]
		[99999 99999 99999 99999 99999 99999 99999 99999 99999 99999]
		[351 380 386 387 374 365 387 360 371 384]
		[982 956 967 982 994 983 994 968 962 985]
	]
	[
		[419 456 446 432 448 445 433 450 456 440]
		[97 72 86 81 107 107 96 70 83 109]
		[449 440 442 427 449 416 447 448 438 430]
		[308 295 328 304 298 323 302 308 292 322]
		[521 520 532 524 538 500 532 542 537 533]
		[99999 99999 99999 99999 99999 99999 99999 99999 99999 99999]
		[538 528 531 532 544 522 536 539 520 523]
		[99999 99999 99999 99999 99999 99999 99999 99999 99999 99999]
		[458 469 456 474 453 467 476 448 463 463]
		[172 178 172 174 184 180 198 184 191 174]
		[161 175 184 153 164 179 157 168 174 158]
		[214 205 214 189 204 193 211 184 215 179]
		[132 133 147 124 150 127 135 150 142 139]
		[99999 99999 99999 99999 99999 99999 99999 99999 99999 99999]
		[101 98 114 96 117 131 113 119 117 127]
		[277 250 275 276 234 274 256 268 266 266]
		[228 233 214 225 226 231 240 223 217 241]
		[248 234 220 235 236 224 248 243 207 225]
		[137 145 153 171 149 172 136 174 155 169]
		[221 226 194 221 214 225 227 216 205 205]
		[148 186 164 178 171 185 181 147 178 162]
		[433 447 435 445 437 447 453 432 429 449]
	]
	[
		[99999 99999 99999 99999 99999 99999 99999 99999 99999 99999]
		[136 153 155 129 143 140 121 154 154 144]
		[99999 99999 99999 99999 99999 99999 99999 99999 99999 99999]
		[99999 99999 99999 99999 99999 99999 99999 99999 99999 99999]
		[99999 99999 99999 99999 99999 99999 99999 99999 99999 99999]
		[99999 99999 99999 99999 99999 99999 99999 99999 99999 99999]
		[99999 99999 99999 99999 99999 99999 99999 99999 99999 99999]
		[99999 99999 99999 99999 99999 99999 99999 99999 99999 99999]
		[531 535 525 535 531 526 539 531 534 528]
		[99999 99999 99999 99999 99999 99999 99999 99999 99999 99999]
		[99999 99999 99999 99999 99999 99999 99999 99999 99999 99999]
		[99999 99999 99999 99999 99999 99999 99999 99999 99999 99999]
		[99999 99999 99999 99999 99999 99999 99999 99999 99999 99999]
		[101 118 114 95 107 93 111 132 103 117]
		[99999 99999 99999 99999 99999 99999 99999 99999 99999 99999]
		[99999 99999 99999 99999 99999 99999 99999 99999 99999 99999]
		[99999 99999 99999 99999 99999 99999 99999 99999 99999 99999]
		[261 249 248 251 254 242 256 232 261 226]
		[99999 99999 99999 99999 99999 99999 99999 99999 99999 99999]
		[99999 99999 99999 99999 99999 99999 99999 99999 99999 99999]
		[99999 99999 99999 99999 99999 99999 99999 99999 99999 99999]
		[99999 99999 99999 99999 99999 99999 99999 99999 99999 99999]
	]
	[
		[99999 99999 99999 99999 99999 99999 99999 99999 99999 99999]
		[198 193 171 172 159 193 185 196 160 168]
		[99999 99999 99999 99999 99999 99999 99999 99999 99999 99999]
		[99999 99999 99999 99999 99999 99999 99999 99999 99999 99999]
		[99999 99999 99999 99999 99999 99999 99999 99999 99999 99999]
		[99999 99999 99999 99999 99999 99999 99999 99999 99999 99999]
		[904 889 879 903 887 893 896 883 863 872]
		[99999 99999 99999 99999 99999 99999 99999 99999 99999 99999]
		[537 555 548 556 545 552 558 541 524 555]
		[99999 99999 99999 99999 99999 99999 99999 99999 99999 99999]
		[99999 99999 99999 99999 99999 99999 99999 99999 99999 99999]
		[99999 99999 99999 99999 99999 99999 99999 99999 99999 99999]
		[99999 99999 99999 99999 99999 99999 99999 99999 99999 99999]
		[263 253 242 250 246 275 275 244 245 267]
		[99999 99999 99999 99999 99999 99999 99999 99999 99999 99999]
		[99999 99999 99999 99999 99999 99999 99999 99999 99999 99999]
		[99999 99999 99999 99999 99999 99999 99999 99999 99999 99999]
		[175 164 173 185 170 166 161 173 167 152]
		[99999 99999 99999 99999 99999 99999 99999 99999 99999 99999]
		[99999 99999 99999 99999 99999 99999 99999 99999 99999 99999]
		[384 409 369 382 406 403 391 396 386 405]
		[99999 99999 99999 99999 99999 99999 99999 99999 99999 99999]
	]
	[
		[406 392 394 401 388 379 379 403 372 367]
		[205 214 210 222 225 228 191 228 223 228]
		[508 536 528 535 526 532 529 525 517 507]
		[263 297 264 297 291 298 294 306 290 293]
		[494 477 470 498 476 500 493 491 490 485]
		[489 511 496 478 509 509 487 488 516 515]
		[368 402 391 378 391 393 372 398 402 388]
		[340 330 325 331 316 320 333 319 322 332]
		[269 264 251 259 277 278 270 271 273 261]
		[99999 99999 99999 99999 99999 99999 99999 99999 99999 99999]
		[99999 99999 99999 99999 99999 99999 99999 99999 99999 99999]
		[395 402 403 412 398 412 421 397 406 411]
		[365 354 365 332 353 336 345 358 342 365]
		[236 218 214 232 232 223 225 231 212 226]
		[99999 99999 99999 99999 99999 99999 99999 99999 99999 99999]
		[99999 99999 99999 99999 99999 99999 99999 99999 99999 99999]
		[99999 99999 99999 99999 99999 99999 99999 99999 99999 99999]
		[197 188 205 179 191 172 185 194 202 182]
		[99999 99999 99999 99999 99999 99999 99999 99999 99999 99999]
		[99999 99999 99999 99999 99999 99999 99999 99999 99999 99999]
		[186 190 193 162 193 165 186 155 198 174]
		[404 407 408 391 399 380 382 405 374 387]
	]
	[
		[445 451 435 433 438 435 415 449 442 416]
		[175 171 172 161 152 172 177 146 166 161]
		[348 338 338 357 363 359 366 346 349 337]
		[255 248 235 250 242 227 251 217 245 239]
		[740 761 753 758 774 767 775 755 760 759]
		[767 767 778 773 755 739 761 771 751 760]
		[450 436 456 456 435 423 453 435 425 438]
		[372 392 398 393 373 393 389 397 384 364]
		[320 339 329 317 324 320 332 341 316 336]
		[273 290 266 257 285 256 258 296 286 278]
		[515 496 495 482 499 483 478 501 498 498]
		[401 413 407 407 373 389 372 399 376 415]
		[363 378 369 387 390 391 371 389 392 389]
		[225 224 230 240 226 240 246 221 247 236]
		[231 249 242 255 250 229 235 247 221 228]
		[150 180 147 177 181 162 185 169 189 189]
		[172 177 182 187 195 177 176 181 194 206]
		[99999 99999 99999 99999 99999 99999 99999 99999 99999 99999]
		[185 202 168 197 172 189 204 203 206 194]
		[197 198 204 203 205 197 183 194 205 186]
		[96 77 93 87 93 73 93 89 72 94]
		[420 442 451 443 426 448 456 431 448 437]
	]
	[
		[442 452 441 455 428 452 419 417 423 430]
		[161 150 143 139 166 169 169 164 139 157]
		[356 335 364 333 365 365 343 344 358 361]
		[167 202 196 200 164 197 177 187 190 175]
		[99999 99999 99999 99999 99999 99999 99999 99999 99999 99999]
		[99999 99999 99999 99999 99999 99999 99999 99999 99999 99999]
		[443 458 438 457 433 454 422 445 449 436]
		[99999 99999 99999 99999 99999 99999 99999 99999 99999 99999]
		[99999 99999 99999 99999 99999 99999 99999 99999 99999 99999]
		[99999 99999 99999 99999 99999 99999 99999 99999 99999 99999]
		[99999 99999 99999 99999 99999 99999 99999 99999 99999 99999]
		[99999 99999 99999 99999 99999 99999 99999 99999 99999 99999]
		[99999 99999 99999 99999 99999 99999 99999 99999 99999 99999]
		[172 173 152 138 156 174 167 148 161 169]
		[99999 99999 99999 99999 99999 99999 99999 99999 99999 99999]
		[99999 99999 99999 99999 99999 99999 99999 99999 99999 99999]
		[99999 99999 99999 99999 99999 99999 99999 99999 99999 99999]
		[197 203 187 178 179 207 186 198 176 167]
		[99999 99999 99999 99999 99999 99999 99999 99999 99999 99999]
		[99999 99999 99999 99999 99999 99999 99999 99999 99999 99999]
		[99999 99999 99999 99999 99999 99999 99999 99999 99999 99999]
		[452 433 437 432 419 440 433 449 426 451]
	]
	[
		[379 366 384 369 363 361 380 389 388 391]
		[170 176 171 156 181 167 175 157 157 170]
		[355 359 388 367 367 381 387 390 359 370]
		[346 341 356 326 355 322 334 335 345 351]
		[762 754 764 744 733 749 727 762 753 755]
		[766 745 738 745 765 749 743 741 769 767]
		[441 460 462 467 468 462 456 434 457 471]
		[99999 99999 99999 99999 99999 99999 99999 99999 99999 99999]
		[490 482 491 498 506 486 507 497 472 478]
		[99999 99999 99999 99999 99999 99999 99999 99999 99999 99999]
		[133 148 150 144 166 148 161 141 166 156]
		[99999 99999 99999 99999 99999 99999 99999 99999 99999 99999]
		[99999 99999 99999 99999 99999 99999 99999 99999 99999 99999]
		[200 190 209 205 223 195 221 219 214 215]
		[99999 99999 99999 99999 99999 99999 99999 99999 99999 99999]
		[99999 99999 99999 99999 99999 99999 99999 99999 99999 99999]
		[99999 99999 99999 99999 99999 99999 99999 99999 99999 99999]
		[204 182 191 200 181 198 166 174 170 179]
		[99999 99999 99999 99999 99999 99999 99999 99999 99999 99999]
		[99999 99999 99999 99999 99999 99999 99999 99999 99999 99999]
		[99999 99999 99999 99999 99999 99999 99999 99999 99999 99999]
		[391 359 389 372 387 373 390 377 385 368]
	]
	[
		[412 416 424 406 418 425 408 413 424 398]
		[165 160 148 144 156 169 169 164 170 165]
		[371 383 382 379 360 382 381 379 353 353]
		[334 334 349 349 337 342 351 339 357 357]
		[738 764 734 753 754 742 763 767 747 755]
		[1055 1064 1035 1041 1043 1052 1036 1061 1043 1062]
		[476 475 472 490 484 472 496 490 479 474]
		[451 459 461 468 483 470 481 470 483 472]
		[475 466 454 482 456 471 463 487 453 470]
		[230 236 219 235 212 217 238 202 229 213]
		[135 129 117 106 120 133 130 132 122 118]
		[99999 99999 99999 99999 99999 99999 99999 99999 99999 99999]
		[375 387 389 371 366 383 361 388 355 389]
		[175 174 171 186 178 165 171 155 183 164]
		[99999 99999 99999 99999 99999 99999 99999 99999 99999 99999]
		[407 372 390 409 411 395 401 404 409 411]
		[189 154 170 156 176 193 195 193 193 175]
		[77 97 100 93 84 79 87 98 103 99]
		[99999 99999 99999 99999 99999 99999 99999 99999 99999 99999]
		[99999 99999 99999 99999 99999 99999 99999 99999 99999 99999]
		[99999 99999 99999 99999 99999 99999 99999 99999 99999 99999]
		[426 402 428 406 393 420 417 430 407 417]
	]
	[
		[99999 99999 99999 99999 99999 99999 99999 99999 99999 99999]
		[171 189 195 186 194 186 198 193 182 203]
		[313 320 340 314 307 322 340 342 316 335]
		[345 324 319 322 348 355 353 334 330 349]
		[488 499 522 511 496 509 497 489 487 502]
		[612 583 597 604 598 599 599 608 584 590]
		[274 267 269 291 294 268 268 279 289 272]
		[99999 99999 99999 99999 99999 99999 99999 99999 99999 99999]
		[448 441 447 464 446 439 457 436 450 439]
		[99999 99999 99999 99999 99999 99999 99999 99999 99999 99999]
		[99999 99999 99999 99999 99999 99999 99999 99999 99999 99999]
		[99999 99999 99999 99999 99999 99999 99999 99999 99999 99999]
		[964 988 982 992 973 983 968 966 991 977]
		[449 429 433 441 422 439 429 425 424 422]
		[99999 99999 99999 99999 99999 99999 99999 99999 99999 99999]
		[99999 99999 99999 99999 99999 99999 99999 99999 99999 99999]
		[408 410 401 388 384 397 373 394 380 407]
		[430 436 421 420 431 446 457 437 431 428]
		[444 448 448 450 440 448 451 429 428 421]
		[389 370 381 362 380 375 389 361 354 385]
		[429 398 428 390 395 423 402 426 422 430]
		[99999 99999 99999 99999 99999 99999 99999 99999 99999 99999]
	]
];