// --------------------------------------------------------------------------
// Licensed Materials - Property of IBM
//
// 5725-A06 5725-A29 5724-Y48 5724-Y49 5724-Y54 5724-Y55
// Copyright IBM Corporation 1998, 2013. All Rights Reserved.
//
// Note to U.S. Government Users Restricted Rights:
// Use, duplication or disclosure restricted by GSA ADP Schedule
// Contract with IBM Corp.
// --------------------------------------------------------------------------
startlocation = "SIN";
lengthOfLocations = 21;
firstdate = 1;
enddate = 10;
budget = 20000;
Locations = {SIN,PEK,PVG,HKG,KIX,HND,ICN,KHH,TPE,PNH,REP,DPS,CGK,KUL,PEN,RGN,MNL,BKK,HKT,HAN,SGN};
Locations_2_N_1 = {PEK,PVG,HKG,KIX,HND,ICN,KHH,TPE,PNH,REP,DPS,CGK,KUL,PEN,RGN,MNL,BKK,HKT,HAN};
Dates = {1,2,3,4,5,6,7,8,9,10};
Dates_mod = {1,2,3,4,5,6,7,8,9};
Dates_mod2 = {2,3,4,5,6,7,8,9};
CostOfLivingOfLocation = [93,48,48,75,80,80,82,57,57,57,57,39,39,45,45,53,40,46,46,41,41];

InitialSatisfactionOfLocation = [0,20,200,400,30,40,50,60,20,200,400,30,40,50,60,200,400,30,40,50,60];
UnitDecreaseInSatisfactionPerDay = 10;
PriceFromToOnDay = [
       [
              [999999 999999 999999 999999 999999 999999 999999 999999 999999 999999]
              [110 110 110 110 110 110 110 110 110 110]
              [270 270 270 270 270 270 270 270 270 270]
              [170 170 170 170 170 170 170 170 170 170]
              [999999 999999 999999 999999 999999 999999 999999 999999 999999 999999]
              [999999 999999 999999 999999 999999 999999 999999 999999 999999 999999]
              [482 482 482 482 482 482 482 482 482 482]
              [360 360 360 360 360 360 360 360 360 360]
              [235 235 235 235 235 235 235 235 235 235]
              [150 150 150 150 150 150 150 150 150 150]
              [153 153 153 153 153 153 153 153 153 153]
              [106 106 106 106 106 106 106 106 106 106]
              [69 69 69 69 69 69 69 69 69 69]
              [16 16 16 16 16 16 16 16 16 16]
              [62 62 62 62 62 62 62 62 62 62]
              [103 103 103 103 103 103 103 103 103 103]
              [136 136 136 136 136 136 136 136 136 136]
              [87 87 87 87 87 87 87 87 87 87]
              [76 76 76 76 76 76 76 76 76 76]
              [90 90 90 90 90 90 90 90 90 90]
              [80 80 80 80 80 80 80 80 80 80]
       ]
       [
              [110 110 110 110 110 110 110 110 110 110]
              [99999 99999 99999 99999 99999 99999 99999 99999 99999 99999]
              [248 248 248 248 248 248 248 248 248 248]
              [266 266 266 266 266 266 266 266 266 266]
              [429 429 429 429 429 429 429 429 429 429]
              [519 519 519 519 519 519 519 519 519 519]
              [203 203 203 203 203 203 203 203 203 203]
              [99999 99999 99999 99999 99999 99999 99999 99999 99999 99999]
              [371 371 371 371 371 371 371 371 371 371]
              [99999 99999 99999 99999 99999 99999 99999 99999 99999 99999]
              [99999 99999 99999 99999 99999 99999 99999 99999 99999 99999]
              [99999 99999 99999 99999 99999 99999 99999 99999 99999 99999]
              [901 901 901 901 901 901 901 901 901 901]
              [361 361 361 361 361 361 361 361 361 361]
              [99999 99999 99999 99999 99999 99999 99999 99999 99999 99999]
              [99999 99999 99999 99999 99999 99999 99999 99999 99999 99999]
              [315 315 315 315 315 315 315 315 315 315]
              [361 361 361 361 361 361 361 361 361 361]
              [361 361 361 361 361 361 361 361 361 361]
              [296 296 296 296 296 296 296 296 296 296]
              [337 337 337 337 337 337 337 337 337 337]
       ]
       [
              [270 270 270 270 270 270 270 270 270 270]
              [248 248 248 248 248 248 248 248 248 248]
              [99999 99999 99999 99999 99999 99999 99999 99999 99999 99999]
              [198 198 198 198 198 198 198 198 198 198]
              [235 235 235 235 235 235 235 235 235 235]
              [99999 99999 99999 99999 99999 99999 99999 99999 99999 99999]
              [132 132 132 132 132 132 132 132 132 132]
              [410 410 410 410 410 410 410 410 410 410]
              [174 174 174 174 174 174 174 174 174 174]
              [310 310 310 310 310 310 310 310 310 310]
              [310 310 310 310 310 310 310 310 310 310]
              [445 445 445 445 445 445 445 445 445 445]
              [808 808 808 808 808 808 808 808 808 808]
              [361 361 361 361 361 361 361 361 361 361]
              [99999 99999 99999 99999 99999 99999 99999 99999 99999 99999]
              [99999 99999 99999 99999 99999 99999 99999 99999 99999 99999]
              [445 445 445 445 445 445 445 445 445 445]
              [274 274 274 274 274 274 274 274 274 274]
              [274 274 274 274 274 274 274 274 274 274]
              [296 296 296 296 296 296 296 296 296 296]
              [296 296 296 296 296 296 296 296 296 296]
       ]
       [
              [170 170 170 170 170 170 170 170 170 170]
              [266 266 266 266 266 266 266 266 266 266]
              [198 198 198 198 198 198 198 198 198 198]
              [99999 99999 99999 99999 99999 99999 99999 99999 99999 99999]
              [181 181 181 181 181 181 181 181 181 181]
              [181 181 181 181 181 181 181 181 181 181]
              [188 188 188 188 188 188 188 188 188 188]
              [215 215 215 215 215 215 215 215 215 215]
              [148 148 148 148 148 148 148 148 148 148]
              [1405 1405 1405 1405 1405 1405 1405 1405 1405 1405]
              [1405 1405 1405 1405 1405 1405 1405 1405 1405 1405]
              [485 485 485 485 485 485 485 485 485 485]
              [465 465 465 465 465 465 465 465 465 465]
              [234 234 234 234 234 234 234 234 234 234]
              [99999 99999 99999 99999 99999 99999 99999 99999 99999 99999]
              [99999 99999 99999 99999 99999 99999 99999 99999 99999 99999]
              [210 210 210 210 210 210 210 210 210 210]
              [164 164 164 164 164 164 164 164 164 164]
              [108 108 108 108 108 108 108 108 108 108]
              [263 263 263 263 263 263 263 263 263 263]
              [268 268 268 268 268 268 268 268 268 268]
       ]
       [
              [99999 99999 99999 99999 99999 99999 99999 99999 99999 99999]
              [429 429 429 429 429 429 429 429 429 429]
              [235 235 235 235 235 235 235 235 235 235]
              [181 181 181 181 181 181 181 181 181 181]
              [99999 99999 99999 99999 99999 99999 99999 99999 99999 99999]
              [263 263 263 263 263 263 263 263 263 263]
              [335 335 335 335 335 335 335 335 335 335]
              [471 471 471 471 471 471 471 471 471 471]
              [251 251 251 251 251 251 251 251 251 251]
              [99999 99999 99999 99999 99999 99999 99999 99999 99999 99999]
              [99999 99999 99999 99999 99999 99999 99999 99999 99999 99999]
              [761 761 761 761 761 761 761 761 761 761]
              [828 828 828 828 828 828 828 828 828 828]
              [447 447 447 447 447 447 447 447 447 447]
              [99999 99999 99999 99999 99999 99999 99999 99999 99999 99999]
              [99999 99999 99999 99999 99999 99999 99999 99999 99999 99999]
              [413 413 413 413 413 413 413 413 413 413]
              [684 684 684 684 684 684 684 684 684 684]
              [99999 99999 99999 99999 99999 99999 99999 99999 99999 99999]
              [674 674 674 674 674 674 674 674 674 674]
              [674 674 674 674 674 674 674 674 674 674]
       ]
       [
              [99999 99999 99999 99999 99999 99999 99999 99999 99999 99999]
              [519 519 519 519 519 519 519 519 519 519]
              [99999 99999 99999 99999 99999 99999 99999 99999 99999 99999]
              [181 181 181 181 181 181 181 181 181 181]
              [263 263 263 263 263 263 263 263 263 263]
              [99999 99999 99999 99999 99999 99999 99999 99999 99999 99999]
              [369 369 369 369 369 369 369 369 369 369]
              [99999 99999 99999 99999 99999 99999 99999 99999 99999 99999]
              [458 458 458 458 458 458 458 458 458 458]
              [99999 99999 99999 99999 99999 99999 99999 99999 99999 99999]
              [99999 99999 99999 99999 99999 99999 99999 99999 99999 99999]
              [99999 99999 99999 99999 99999 99999 99999 99999 99999 99999]
              [596 596 596 596 596 596 596 596 596 596]
              [99999 99999 99999 99999 99999 99999 99999 99999 99999 99999]
              [99999 99999 99999 99999 99999 99999 99999 99999 99999 99999]
              [99999 99999 99999 99999 99999 99999 99999 99999 99999 99999]
              [421 421 421 421 421 421 421 421 421 421]
              [684 684 684 684 684 684 684 684 684 684]
              [99999 99999 99999 99999 99999 99999 99999 99999 99999 99999]
              [674 674 674 674 674 674 674 674 674 674]
              [971 971 971 971 971 971 971 971 971 971]
       ]
       [
              [482 482 482 482 482 482 482 482 482 482]
              [203 203 203 203 203 203 203 203 203 203]
              [132 132 132 132 132 132 132 132 132 132]
              [188 188 188 188 188 188 188 188 188 188]
              [335 335 335 335 335 335 335 335 335 335]
              [369 369 369 369 369 369 369 369 369 369]
              [99999 99999 99999 99999 99999 99999 99999 99999 99999 99999]
              [305 305 305 305 305 305 305 305 305 305]
              [217 217 217 217 217 217 217 217 217 217]
              [485 485 485 485 485 485 485 485 485 485]
              [99999 99999 99999 99999 99999 99999 99999 99999 99999 99999]
              [526 526 526 526 526 526 526 526 526 526]
              [499 499 499 499 499 499 499 499 499 499]
              [451 451 451 451 451 451 451 451 451 451]
              [99999 99999 99999 99999 99999 99999 99999 99999 99999 99999]
              [809 809 809 809 809 809 809 809 809 809]
              [307 307 307 307 307 307 307 307 307 307]
              [365 365 365 365 365 365 365 365 365 365]
              [365 365 365 365 365 365 365 365 365 365]
              [377 377 377 377 377 377 377 377 377 377]
              [404 404 404 404 404 404 404 404 404 404]
       ]
       [
              [360 360 360 360 360 360 360 360 360 360]
              [99999 99999 99999 99999 99999 99999 99999 99999 99999 99999]
              [410 410 410 410 410 410 410 410 410 410]
              [215 215 215 215 215 215 215 215 215 215]
              [471 471 471 471 471 471 471 471 471 471]
              [99999 99999 99999 99999 99999 99999 99999 99999 99999 99999]
              [305 305 305 305 305 305 305 305 305 305]
              [99999 99999 99999 99999 99999 99999 99999 99999 99999 99999]
              [99999 99999 99999 99999 99999 99999 99999 99999 99999 99999]
              [99999 99999 99999 99999 99999 99999 99999 99999 99999 99999]
              [99999 99999 99999 99999 99999 99999 99999 99999 99999 99999]
              [99999 99999 99999 99999 99999 99999 99999 99999 99999 99999]
              [99999 99999 99999 99999 99999 99999 99999 99999 99999 99999]
              [99999 99999 99999 99999 99999 99999 99999 99999 99999 99999]
              [99999 99999 99999 99999 99999 99999 99999 99999 99999 99999]
              [99999 99999 99999 99999 99999 99999 99999 99999 99999 99999]
              [251 251 251 251 251 251 251 251 251 251]
              [308 308 308 308 308 308 308 308 308 308]
              [99999 99999 99999 99999 99999 99999 99999 99999 99999 99999]
              [99999 99999 99999 99999 99999 99999 99999 99999 99999 99999]
              [391 391 391 391 391 391 391 391 391 391]
       ]
       [
              [235 235 235 235 235 235 235 235 235 235]
              [371 371 371 371 371 371 371 371 371 371]
              [174 174 174 174 174 174 174 174 174 174]
              [148 148 148 148 148 148 148 148 148 148]
              [251 251 251 251 251 251 251 251 251 251]
              [458 458 458 458 458 458 458 458 458 458]
              [217 217 217 217 217 217 217 217 217 217]
              [99999 99999 99999 99999 99999 99999 99999 99999 99999 99999]
              [99999 99999 99999 99999 99999 99999 99999 99999 99999 99999]
              [391 391 391 391 391 391 391 391 391 391]
              [99999 99999 99999 99999 99999 99999 99999 99999 99999 99999]
              [384 384 384 384 384 384 384 384 384 384]
              [377 377 377 377 377 377 377 377 377 377]
              [385 385 385 385 385 385 385 385 385 385]
              [451 451 451 451 451 451 451 451 451 451]
              [468 468 468 468 468 468 468 468 468 468]
              [186 186 186 186 186 186 186 186 186 186]
              [250 250 250 250 250 250 250 250 250 250]
              [99999 99999 99999 99999 99999 99999 99999 99999 99999 99999]
              [418 418 418 418 418 418 418 418 418 418]
              [398 398 398 398 398 398 398 398 398 398]
       ]
       [
              [150 150 150 150 150 150 150 150 150 150]
              [99999 99999 99999 99999 99999 99999 99999 99999 99999 99999]
              [310 310 310 310 310 310 310 310 310 310]
              [1405 1405 1405 1405 1405 1405 1405 1405 1405 1405]
              [99999 99999 99999 99999 99999 99999 99999 99999 99999 99999]
              [99999 99999 99999 99999 99999 99999 99999 99999 99999 99999]
              [485 485 485 485 485 485 485 485 485 485]
              [99999 99999 99999 99999 99999 99999 99999 99999 99999 99999]
              [391 391 391 391 391 391 391 391 391 391]
              [99999 99999 99999 99999 99999 99999 99999 99999 99999 99999]
              [67 67 67 67 67 67 67 67 67 67]
              [99999 99999 99999 99999 99999 99999 99999 99999 99999 99999]
              [99999 99999 99999 99999 99999 99999 99999 99999 99999 99999]
              [105 105 105 105 105 105 105 105 105 105]
              [99999 99999 99999 99999 99999 99999 99999 99999 99999 99999]
              [99999 99999 99999 99999 99999 99999 99999 99999 99999 99999]
              [99999 99999 99999 99999 99999 99999 99999 99999 99999 99999]
              [205 205 205 205 205 205 205 205 205 205]
              [99999 99999 99999 99999 99999 99999 99999 99999 99999 99999]
              [99999 99999 99999 99999 99999 99999 99999 99999 99999 99999]
              [148 148 148 148 148 148 148 148 148 148]
       ]
       [
              [153 153 153 153 153 153 153 153 153 153]
              [99999 99999 99999 99999 99999 99999 99999 99999 99999 99999]
              [310 310 310 310 310 310 310 310 310 310]
              [1405 1405 1405 1405 1405 1405 1405 1405 1405 1405]
              [99999 99999 99999 99999 99999 99999 99999 99999 99999 99999]
              [99999 99999 99999 99999 99999 99999 99999 99999 99999 99999]
              [99999 99999 99999 99999 99999 99999 99999 99999 99999 99999]
              [99999 99999 99999 99999 99999 99999 99999 99999 99999 99999]
              [99999 99999 99999 99999 99999 99999 99999 99999 99999 99999]
              [67 67 67 67 67 67 67 67 67 67]
              [99999 99999 99999 99999 99999 99999 99999 99999 99999 99999]
              [99999 99999 99999 99999 99999 99999 99999 99999 99999 99999]
              [99999 99999 99999 99999 99999 99999 99999 99999 99999 99999]
              [93 93 93 93 93 93 93 93 93 93]
              [99999 99999 99999 99999 99999 99999 99999 99999 99999 99999]
              [99999 99999 99999 99999 99999 99999 99999 99999 99999 99999]
              [99999 99999 99999 99999 99999 99999 99999 99999 99999 99999]
              [422 422 422 422 422 422 422 422 422 422]
              [99999 99999 99999 99999 99999 99999 99999 99999 99999 99999]
              [74 74 74 74 74 74 74 74 74 74]
              [40 40 40 40 40 40 40 40 40 40]
       ]
       [
              [106 106 106 106 106 106 106 106 106 106]
              [99999 99999 99999 99999 99999 99999 99999 99999 99999 99999]
              [445 445 445 445 445 445 445 445 445 445]
              [485 485 485 485 485 485 485 485 485 485]
              [761 761 761 761 761 761 761 761 761 761]
              [99999 99999 99999 99999 99999 99999 99999 99999 99999 99999]
              [526 526 526 526 526 526 526 526 526 526]
              [99999 99999 99999 99999 99999 99999 99999 99999 99999 99999]
              [384 384 384 384 384 384 384 384 384 384]
              [99999 99999 99999 99999 99999 99999 99999 99999 99999 99999]
              [99999 99999 99999 99999 99999 99999 99999 99999 99999 99999]
              [99999 99999 99999 99999 99999 99999 99999 99999 99999 99999]
              [237 237 237 237 237 237 237 237 237 237]
              [124 124 124 124 124 124 124 124 124 124]
              [99999 99999 99999 99999 99999 99999 99999 99999 99999 99999]
              [99999 99999 99999 99999 99999 99999 99999 99999 99999 99999]
              [332 332 332 332 332 332 332 332 332 332]
              [320 320 320 320 320 320 320 320 320 320]
              [99999 99999 99999 99999 99999 99999 99999 99999 99999 99999]
              [99999 99999 99999 99999 99999 99999 99999 99999 99999 99999]
              [99999 99999 99999 99999 99999 99999 99999 99999 99999 99999]
       ]
       [
              [69 69 69 69 69 69 69 69 69 69]
              [901 901 901 901 901 901 901 901 901 901]
              [808 808 808 808 808 808 808 808 808 808]
              [465 465 465 465 465 465 465 465 465 465]
              [828 828 828 828 828 828 828 828 828 828]
              [596 596 596 596 596 596 596 596 596 596]
              [499 499 499 499 499 499 499 499 499 499]
              [99999 99999 99999 99999 99999 99999 99999 99999 99999 99999]
              [377 377 377 377 377 377 377 377 377 377]
              [99999 99999 99999 99999 99999 99999 99999 99999 99999 99999]
              [99999 99999 99999 99999 99999 99999 99999 99999 99999 99999]
              [237 237 237 237 237 237 237 237 237 237]
              [99999 99999 99999 99999 99999 99999 99999 99999 99999 99999]
              [62 62 62 62 62 62 62 62 62 62]
              [99999 99999 99999 99999 99999 99999 99999 99999 99999 99999]
              [99999 99999 99999 99999 99999 99999 99999 99999 99999 99999]
              [275 275 275 275 275 275 275 275 275 275]
              [301 301 301 301 301 301 301 301 301 301]
              [99999 99999 99999 99999 99999 99999 99999 99999 99999 99999]
              [99999 99999 99999 99999 99999 99999 99999 99999 99999 99999]
              [296 296 296 296 296 296 296 296 296 296]
       ]
       [
              [16 16 16 16 16 16 16 16 16 16]
              [361 361 361 361 361 361 361 361 361 361]
              [361 361 361 361 361 361 361 361 361 361]
              [234 234 234 234 234 234 234 234 234 234]
              [447 447 447 447 447 447 447 447 447 447]
              [99999 99999 99999 99999 99999 99999 99999 99999 99999 99999]
              [451 451 451 451 451 451 451 451 451 451]
              [99999 99999 99999 99999 99999 99999 99999 99999 99999 99999]
              [385 385 385 385 385 385 385 385 385 385]
              [105 105 105 105 105 105 105 105 105 105]
              [93 93 93 93 93 93 93 93 93 93]
              [124 124 124 124 124 124 124 124 124 124]
              [62 62 62 62 62 62 62 62 62 62]
              [99999 99999 99999 99999 99999 99999 99999 99999 99999 99999]
              [41 41 41 41 41 41 41 41 41 41]
              [182 182 182 182 182 182 182 182 182 182]
              [148 148 148 148 148 148 148 148 148 148]
              [155 155 155 155 155 155 155 155 155 155]
              [83 83 83 83 83 83 83 83 83 83]
              [134 134 134 134 134 134 134 134 134 134]
              [93 93 93 93 93 93 93 93 93 93]
       ]
       [
              [62 62 62 62 62 62 62 62 62 62]
              [99999 99999 99999 99999 99999 99999 99999 99999 99999 99999]
              [99999 99999 99999 99999 99999 99999 99999 99999 99999 99999]
              [99999 99999 99999 99999 99999 99999 99999 99999 99999 99999]
              [99999 99999 99999 99999 99999 99999 99999 99999 99999 99999]
              [99999 99999 99999 99999 99999 99999 99999 99999 99999 99999]
              [99999 99999 99999 99999 99999 99999 99999 99999 99999 99999]
              [99999 99999 99999 99999 99999 99999 99999 99999 99999 99999]
              [451 451 451 451 451 451 451 451 451 451]
              [99999 99999 99999 99999 99999 99999 99999 99999 99999 99999]
              [99999 99999 99999 99999 99999 99999 99999 99999 99999 99999]
              [99999 99999 99999 99999 99999 99999 99999 99999 99999 99999]
              [99999 99999 99999 99999 99999 99999 99999 99999 99999 99999]
              [41 41 41 41 41 41 41 41 41 41]
              [99999 99999 99999 99999 99999 99999 99999 99999 99999 99999]
              [99999 99999 99999 99999 99999 99999 99999 99999 99999 99999]
              [99999 99999 99999 99999 99999 99999 99999 99999 99999 99999]
              [166 166 166 166 166 166 166 166 166 166]
              [99999 99999 99999 99999 99999 99999 99999 99999 99999 99999]
              [99999 99999 99999 99999 99999 99999 99999 99999 99999 99999]
              [99999 99999 99999 99999 99999 99999 99999 99999 99999 99999]
       ]
       [
              [103 103 103 103 103 103 103 103 103 103]
              [99999 99999 99999 99999 99999 99999 99999 99999 99999 99999]
              [99999 99999 99999 99999 99999 99999 99999 99999 99999 99999]
              [99999 99999 99999 99999 99999 99999 99999 99999 99999 99999]
              [99999 99999 99999 99999 99999 99999 99999 99999 99999 99999]
              [99999 99999 99999 99999 99999 99999 99999 99999 99999 99999]
              [809 809 809 809 809 809 809 809 809 809]
              [99999 99999 99999 99999 99999 99999 99999 99999 99999 99999]
              [468 468 468 468 468 468 468 468 468 468]
              [99999 99999 99999 99999 99999 99999 99999 99999 99999 99999]
              [99999 99999 99999 99999 99999 99999 99999 99999 99999 99999]
              [99999 99999 99999 99999 99999 99999 99999 99999 99999 99999]
              [99999 99999 99999 99999 99999 99999 99999 99999 99999 99999]
              [182 182 182 182 182 182 182 182 182 182]
              [99999 99999 99999 99999 99999 99999 99999 99999 99999 99999]
              [99999 99999 99999 99999 99999 99999 99999 99999 99999 99999]
              [99999 99999 99999 99999 99999 99999 99999 99999 99999 99999]
              [96 96 96 96 96 96 96 96 96 96]
              [99999 99999 99999 99999 99999 99999 99999 99999 99999 99999]
              [99999 99999 99999 99999 99999 99999 99999 99999 99999 99999]
              [317 317 317 317 317 317 317 317 317 317]
       ]
       [
              [136 136 136 136 136 136 136 136 136 136]
              [315 315 315 315 315 315 315 315 315 315]
              [445 445 445 445 445 445 445 445 445 445]
              [210 210 210 210 210 210 210 210 210 210]
              [413 413 413 413 413 413 413 413 413 413]
              [421 421 421 421 421 421 421 421 421 421]
              [307 307 307 307 307 307 307 307 307 307]
              [251 251 251 251 251 251 251 251 251 251]
              [186 186 186 186 186 186 186 186 186 186]
              [99999 99999 99999 99999 99999 99999 99999 99999 99999 99999]
              [99999 99999 99999 99999 99999 99999 99999 99999 99999 99999]
              [332 332 332 332 332 332 332 332 332 332]
              [275 275 275 275 275 275 275 275 275 275]
              [148 148 148 148 148 148 148 148 148 148]
              [99999 99999 99999 99999 99999 99999 99999 99999 99999 99999]
              [99999 99999 99999 99999 99999 99999 99999 99999 99999 99999]
              [99999 99999 99999 99999 99999 99999 99999 99999 99999 99999]
              [113 113 113 113 113 113 113 113 113 113]
              [99999 99999 99999 99999 99999 99999 99999 99999 99999 99999]
              [99999 99999 99999 99999 99999 99999 99999 99999 99999 99999]
              [103 103 103 103 103 103 103 103 103 103]
       ]
       [
              [87 87 87 87 87 87 87 87 87 87]
              [361 361 361 361 361 361 361 361 361 361]
              [274 274 274 274 274 274 274 274 274 274]
              [164 164 164 164 164 164 164 164 164 164]
              [684 684 684 684 684 684 684 684 684 684]
              [684 684 684 684 684 684 684 684 684 684]
              [365 365 365 365 365 365 365 365 365 365]
              [308 308 308 308 308 308 308 308 308 308]
              [250 250 250 250 250 250 250 250 250 250]
              [205 205 205 205 205 205 205 205 205 205]
              [422 422 422 422 422 422 422 422 422 422]
              [320 320 320 320 320 320 320 320 320 320]
              [301 301 301 301 301 301 301 301 301 301]
              [155 155 155 155 155 155 155 155 155 155]
              [166 166 166 166 166 166 166 166 166 166]
              [96 96 96 96 96 96 96 96 96 96]
              [113 113 113 113 113 113 113 113 113 113]
              [99999 99999 99999 99999 99999 99999 99999 99999 99999 99999]
              [114 114 114 114 114 114 114 114 114 114]
              [114 114 114 114 114 114 114 114 114 114]
              [13 13 13 13 13 13 13 13 13 13]
       ]
       [
              [76 76 76 76 76 76 76 76 76 76]
              [361 361 361 361 361 361 361 361 361 361]
              [274 274 274 274 274 274 274 274 274 274]
              [108 108 108 108 108 108 108 108 108 108]
              [99999 99999 99999 99999 99999 99999 99999 99999 99999 99999]
              [99999 99999 99999 99999 99999 99999 99999 99999 99999 99999]
              [365 365 365 365 365 365 365 365 365 365]
              [99999 99999 99999 99999 99999 99999 99999 99999 99999 99999]
              [99999 99999 99999 99999 99999 99999 99999 99999 99999 99999]
              [99999 99999 99999 99999 99999 99999 99999 99999 99999 99999]
              [99999 99999 99999 99999 99999 99999 99999 99999 99999 99999]
              [99999 99999 99999 99999 99999 99999 99999 99999 99999 99999]
              [99999 99999 99999 99999 99999 99999 99999 99999 99999 99999]
              [83 83 83 83 83 83 83 83 83 83]
              [99999 99999 99999 99999 99999 99999 99999 99999 99999 99999]
              [99999 99999 99999 99999 99999 99999 99999 99999 99999 99999]
              [99999 99999 99999 99999 99999 99999 99999 99999 99999 99999]
              [114 114 114 114 114 114 114 114 114 114]
              [99999 99999 99999 99999 99999 99999 99999 99999 99999 99999]
              [99999 99999 99999 99999 99999 99999 99999 99999 99999 99999]
              [99999 99999 99999 99999 99999 99999 99999 99999 99999 99999]
       ]
       [
              [90 90 90 90 90 90 90 90 90 90]
              [296 296 296 296 296 296 296 296 296 296]
              [296 296 296 296 296 296 296 296 296 296]
              [263 263 263 263 263 263 263 263 263 263]
              [674 674 674 674 674 674 674 674 674 674]
              [674 674 674 674 674 674 674 674 674 674]
              [377 377 377 377 377 377 377 377 377 377]
              [99999 99999 99999 99999 99999 99999 99999 99999 99999 99999]
              [418 418 418 418 418 418 418 418 418 418]
              [99999 99999 99999 99999 99999 99999 99999 99999 99999 99999]
              [74 74 74 74 74 74 74 74 74 74]
              [99999 99999 99999 99999 99999 99999 99999 99999 99999 99999]
              [99999 99999 99999 99999 99999 99999 99999 99999 99999 99999]
              [134 134 134 134 134 134 134 134 134 134]
              [99999 99999 99999 99999 99999 99999 99999 99999 99999 99999]
              [99999 99999 99999 99999 99999 99999 99999 99999 99999 99999]
              [99999 99999 99999 99999 99999 99999 99999 99999 99999 99999]
              [114 114 114 114 114 114 114 114 114 114]
              [99999 99999 99999 99999 99999 99999 99999 99999 99999 99999]
              [99999 99999 99999 99999 99999 99999 99999 99999 99999 99999]
              [99999 99999 99999 99999 99999 99999 99999 99999 99999 99999]
       ]
       [
              [80 80 80 80 80 80 80 80 80 80]
              [337 337 337 337 337 337 337 337 337 337]
              [296 296 296 296 296 296 296 296 296 296]
              [268 268 268 268 268 268 268 268 268 268]
              [674 674 674 674 674 674 674 674 674 674]
              [971 971 971 971 971 971 971 971 971 971]
              [404 404 404 404 404 404 404 404 404 404]
              [391 391 391 391 391 391 391 391 391 391]
              [398 398 398 398 398 398 398 398 398 398]
              [148 148 148 148 148 148 148 148 148 148]
              [40 40 40 40 40 40 40 40 40 40]
              [99999 99999 99999 99999 99999 99999 99999 99999 99999 99999]
              [296 296 296 296 296 296 296 296 296 296]
              [93 93 93 93 93 93 93 93 93 93]
              [99999 99999 99999 99999 99999 99999 99999 99999 99999 99999]
              [317 317 317 317 317 317 317 317 317 317]
              [103 103 103 103 103 103 103 103 103 103]
              [13 13 13 13 13 13 13 13 13 13]
              [99999 99999 99999 99999 99999 99999 99999 99999 99999 99999]
              [99999 99999 99999 99999 99999 99999 99999 99999 99999 99999]
              [99999 99999 99999 99999 99999 99999 99999 99999 99999 99999]
       ]
];